%-------------------------------------------------------------------------%
% Copyright (c) 2018 Modenese L.                                          %
%                                                                         %
%    Author:   Luca Modenese, April 2018                                  %
%    email:    l.modenese@imperial.ac.uk                                  %
% ----------------------------------------------------------------------- %
% Data digitised using GraphGrabber
function blemker2005 = f_load_Blemker2005_data()
% I kept the original dof names
% muscle_set1 = {'glut_max', 'glut_med'};
% dof_set1 = {'flex', 'add', 'rot'};
% muscle_set2 = {'iliacus', 'psoas'};
% dof_set2 = {'ext', 'add', 'rot'};

blemker2005.r_psoas.hip_flexion.ub = [-8.365380751 2.59765625
2.78846025	2.571614583
11.2499948	2.591145833
19.32691414	2.6171875
27.01921828	2.67578125
32.14742104	2.71484375
38.17305928	2.79296875
54.83971826	2.955729167
46.76279891	2.87109375
58.42946019	2.981770833
64.45509841	3.02734375
74.32688874	3.079427083
81.50637261	3.079427083
88.04483112	3.092447917
92.53200854	3.0859375
95.48072512	3.06640625];

blemker2005.r_psoas.hip_flexion.lb = [-8.749995958	1.66015625
-1.698717164	1.653645833
6.378202182	1.666666667
12.01922522	1.69921875
18.94229894	1.731770833
24.71152705	1.790364583
27.40383349	1.809895833
31.37819063	1.848958333
35.48075284	1.868489583
39.83972519	1.89453125
44.07049246	1.927083333
48.68587495	1.953125
52.53202702	1.953125
57.40381964	1.97265625
64.45509843	1.97265625
69.19868598	1.966145833
72.91663298	1.946614583
76.24996478	1.907552083
78.94227123	1.875
82.01919288	1.829427083
86.24996016	1.751302083
89.07047168	1.673177083
94.3268795	1.5234375
92.78841868	1.575520833
94.3268795	1.5234375];

blemker2005.r_iliacus.hip_flexion.ub = [-8.505982839	3.335509138
-4.743098517	3.218015666
-2.041540542	3.164164491
1.142438499	3.139686684
3.554543834	3.144582245
7.027975516	3.15926893
10.11547034	3.183746736
12.72054411	3.242493473
14.8431968	3.291449086
17.35178635	3.364882507
21.01818646	3.477480418
24.49161814	3.609660574
29.02637617	3.800587467
41.85877655	4.383159269
47.1042471	4.621409922
50.25290311	4.760117493
52.47204002	4.858028721
55.5984556	4.960835509
57.65765766	5.032637076
60.67319816	5.117493473
63.32046332	5.189295039
64.60746461	5.208877285
66.02316602	5.22845953
67.18146718	5.248041775
68.72586873	5.254569191
70.27027027	5.274151436
71.42857143	5.274151436
72.97297297	5.274151436
74.51737452	5.267624021
76.06177606	5.248041775
77.34877735	5.234986945
78.89317889	5.208877285
80.05148005	5.189295039
81.22433561	5.166449086
82.5751146	5.10770235
84.11886201	5.053851175
85.75909364	4.990208877
87.6887779	4.902088773
89.42549375	4.81886423
91.2586938	4.720953003
92.41650436	4.627937337
93.67079913	4.53002611
96.08290447	4.358681462];

blemker2005.r_iliacus.hip_flexion.lb=[-8.795435479	2.253590078
-7.335907336	2.219321149
-0.257400257	2.016971279
2.059202059	1.977806789
3.98970399	1.945169713
7.464607465	1.906005222
10.69437562	1.891318538
14.16780731	1.891318538
19.30501931	1.906005222
22.39382239	1.945169713
25.22522523	1.984334204
28.95752896	2.036553525
30.88803089	2.075718016
32.81853282	2.101827676
36.67953668	2.180156658
38.996139	2.219321149
41.44144144	2.278067885
43.62934363	2.330287206
45.55984556	2.356396867
49.03474903	2.447780679
50.96525097	2.48694517
55.72715573	2.591383812
59.07335907	2.650130548
68.33976834	2.800261097
71.17117117	2.826370757
75.28957529	2.859007833
81.85328185	2.878590078
81.85328185	2.878590078
83.53995673	2.865535248
85.95206206	2.821475196
87.49580948	2.767624021
89.13604111	2.708877285
90.67978852	2.645234987
92.03056751	2.571801567
93.38134649	2.498368146
95.79345183	2.361292428];


blemker2005.r_psoas.hip_adduction.ub=[-41.29265167	0.439374185
-38.19027483	0.670143416
-35.70837337	0.846153846
-33.16442437	1.018252934
-30.93071305	1.127770535
-28.8210968	1.252933507
-26.33919534	1.346805737
-23.7331988	1.464146023
-22.24405792	1.518904824
-19.14168109	1.636245111
-17.52844514	1.691003911
-16.28749441	1.722294654
-15.17063875	1.753585398
-13.55740279	1.792698827
-11.6959767	1.839634941
-9.834550596	1.87874837
-8.221314644	1.902216428
-6.608078692	1.925684485
-3.87798708	1.956975228
0.589435557	1.980443286
5.180953267	1.988265971
10.51704142	1.956975228
14.23989361	1.933507171
18.70731625	1.87874837
21.56150294	1.839634941
23.42292904	1.816166884
26.02892557	1.784876141
28.01444675	1.745762712
30.12406299	1.722294654
31.4891088	1.698826597
34.09510533	1.67535854
35.83243636	1.644067797
37.32157724	1.620599739
37.32157724	1.620599739
38.06614768	1.608865711];

blemker2005.r_psoas.hip_adduction.lb=[-41.23060413	-0.49934811
-39.86555832	-0.491525424
-36.63908642	-0.495436767
-33.90899481	-0.468057366
-30.43433276	-0.40547588
-28.94519188	-0.366362451
-27.82833622	-0.342894394
-27.08376578	-0.319426336
-25.71871997	-0.280312907
-23.98138895	-0.241199478
-22.36815299	-0.186440678
-20.63082197	-0.123859192
-17.90073036	-0.014341591
-3.505701861	0.681877445
-0.279229956	0.83833116
3.443622242	0.994784876
7.414664586	1.182529335
12.0061823	1.338983051
14.11579854	1.393741851
15.10855913	1.417209909
16.34950986	1.440677966
19.20369654	1.487614081
21.4994554	1.495436767
23.54702411	1.487614081
25.65664035	1.456323338
27.89035167	1.417209909
31.24091865	1.346805737
32.8541546	1.299869622
34.59148563	1.245110821
37.75591	1.155149935];

blemker2005.r_iliacus.hip_adduction.ub=[-39.73140496	-0.228070175
-37.74793388	-0.165692008
-36.13636364	-0.118908382
-34.2768595	-0.072124756
-32.41735537	-0.025341131
-30.92975207	0.021442495
-29.31818182	0.06042885
-27.08677686	0.115009747
-24.11157025	0.161793372
-22.37603306	0.200779727
-20.76446281	0.263157895
-19.52479339	0.294346979
-18.28512397	0.317738791
-16.79752066	0.356725146
-15.06198347	0.38791423
-11.71487603	0.473684211
-8.739669421	0.504873294
-8.119834711	0.528265107
-7.376033058	0.543859649
-5.640495868	0.598440546
-3.904958678	0.645224172
-2.665289256	0.676413255
-1.17768595	0.707602339
0.433884298	0.746588694
1.549586777	0.777777778
2.789256198	0.801169591
4.02892562	0.840155945
6.632231405	0.910331384
8.863636364	0.95711501
9.979338843	0.996101365
10.97107438	1.019493177
12.08677686	1.04288499
13.0785124	1.066276803
14.31818182	1.089668616
15.30991736	1.1208577
16.79752066	1.159844055
18.03719008	1.183235867
19.52479339	1.222222222
20.64049587	1.253411306
22.25206612	1.276803119
23.61570248	1.307992203
25.35123967	1.346978558
27.70661157	1.37037037
28.94628099	1.393762183
28.94628099	1.393762183
30.12396694	1.421052632
32.29338843	1.456140351
34.40082645	1.467836257
36.32231405	1.49122807
39.4214876	1.514619883];

